Ab = 6.8926;
Bb = 1203.53;
Cb = 219.88;

At = 6.9580;
Bt = 1346.77;
Ct = 219.69;

x1 = 0.35;

P = 760; %mmHg